Comment:
Exhalation Bed 

Data exported from "DM351_6_29_2021 15-27 ... 7_1_2021  9-27.rvx"

DOSEman
Serial Number:	351
Start Test:	6/29/2021 2:57:00
End Test:	7/1/2021 9:27:00
Sample Time:	42.5 hours
Data Records:	85

RESULTS

Radon Average:	22632 Bq/m³
Error:	0.8 %
Radon Exposure:	961874 Bqh/m³
Radon Dose:	3352.387 µSv

Radon* Average (fast):	22201 Bq/m³
Error:	1.1 %
Radon* Exposure (fast):	943562 Bqh/m³
Radon* Dose (fast):	3288.565 µSv

Sum Spectrum
Channel	1	2	3	4	5	6	7	8	9	10	11	12	13	14	15	16	17	18	19	20	21	22	23	24	25	26	27	28	29	30	31	32	33	34	35	36	37	38	39	40	41	42	43	44	45	46	47	48	49	50
Counts	240	251	274	260	269	246	226	228	262	243	208	132	188	345	729	3409	1749	44	75	64	100	131	223	132	82	50	68	64	83	128	177	398	1288	4765	145	39	24	17	1	3	1	1	0	3	24	26	11	7	6	2

Time	Radon	Error	Radon* (fast)	Error	ROI1	ROI2	ROI3	ROI4	ROI5
	Bq/m³	%	Bq/m³	%	cts	cts	cts	cts	cts
6/29/2021 3:27:00	26796	7	2570	29	5	8	19	224	1
6/29/2021 3:57:00	31783	6	26544	9	42	87	21	152	1
6/29/2021 4:27:00	41742	5	49251	7	77	163	13	130	3
6/29/2021 4:57:00	54159	5	65901	6	104	216	19	159	2
6/29/2021 5:27:00	68326	4	81194	5	113	281	23	210	2
6/29/2021 5:57:00	80049	4	96785	5	145	325	22	238	3
6/29/2021 6:27:00	82670	4	89370	5	130	303	27	297	1
6/29/2021 6:57:00	35459	6	7207	17	9	27	15	278	2
6/29/2021 7:27:00	25132	7	2015	37	1	11	14	212	4
6/29/2021 7:57:00	13926	9	1421	43	3	5	9	116	2
6/29/2021 8:27:00	9343	11	1124	46	3	3	9	77	1
6/29/2021 8:57:00	4293	17	0	0	1	1	3	37	2
6/29/2021 9:27:00	2090	24	0	0	0	2	6	17	1
6/29/2021 9:57:00	567	45	207	100	1	0	0	4	0
6/29/2021 10:27:00	1119	35	0	0	1	1	4	9	2
6/29/2021 10:57:00	793	38	413	71	0	2	2	5	0
6/29/2021 11:27:00	375	74	0	0	1	2	1	2	3
6/29/2021 11:57:00	6007	14	9507	15	18	28	6	7	0
6/30/2021 12:27:00	22553	7	34720	8	51	117	10	31	0
6/30/2021 12:57:00	31493	6	44407	7	59	157	8	63	2
6/30/2021 1:27:00	54223	5	68084	6	100	230	14	149	1
6/30/2021 1:57:00	64423	4	80070	5	111	277	22	181	1
6/30/2021 2:27:00	74460	4	83700	5	123	282	18	252	0
6/30/2021 2:57:00	33065	6	6975	18	9	27	25	258	4
6/30/2021 3:27:00	18976	8	917	52	2	3	8	163	1
6/30/2021 3:57:00	13147	9	1240	41	1	5	8	110	0
6/30/2021 4:27:00	6056	14	917	52	1	4	5	49	1
6/30/2021 4:57:00	4080	17	620	58	0	3	5	33	0
6/30/2021 5:27:00	2026	25	0	0	0	1	5	18	2
6/30/2021 5:57:00	1133	32	827	50	1	3	1	6	0
6/30/2021 6:27:00	453	50	413	71	0	2	0	2	0
6/30/2021 6:57:00	553	53	0	0	0	1	0	5	2
6/30/2021 7:27:00	616	46	710	60	2	2	1	2	1
6/30/2021 7:57:00	6396	13	10424	14	20	31	2	6	1
6/30/2021 8:27:00	20336	7	31090	8	40	111	1	29	1
6/30/2021 8:57:00	30763	6	42664	7	65	142	7	65	1
6/30/2021 9:27:00	51050	5	66430	6	99	223	10	129	1
6/30/2021 9:57:00	64373	4	76673	5	125	246	15	197	0
6/30/2021 10:27:00	76033	4	82021	5	114	284	25	274	2
6/30/2021 10:57:00	32725	6	4702	23	7	18	22	266	4
6/30/2021 11:27:00	21810	7	1950	34	5	5	24	183	1
6/30/2021 11:57:00	12290	10	504	75	0	3	10	106	1
6/30/2021 12:27:00	7239	13	0	0	1	2	9	62	2
6/30/2021 12:57:00	4307	16	620	58	1	2	6	35	0
6/30/2021 1:27:00	3046	20	801	61	1	4	2	23	2
6/30/2021 1:57:00	1020	33	827	50	1	3	3	5	0
6/30/2021 2:27:00	843	39	0	0	0	2	2	6	1
6/30/2021 2:57:00	638	59	0	0	1	1	2	7	6
6/30/2021 3:27:00	340	58	0	0	0	0	0	3	0
6/30/2021 3:57:00	5327	15	8680	15	15	27	3	5	0
6/30/2021 4:27:00	20513	7	33273	8	42	119	5	20	0
6/30/2021 4:57:00	34956	6	49484	6	77	163	10	69	1
6/30/2021 5:27:00	46566	5	60527	6	91	203	18	118	2
6/30/2021 5:57:00	64118	4	82202	5	121	279	27	168	4
6/30/2021 6:27:00	74155	4	81905	5	107	291	20	258	3
6/30/2021 6:57:00	33093	6	6820	17	3	30	20	259	0
6/30/2021 7:27:00	22150	7	1950	34	3	7	11	186	1
6/30/2021 7:57:00	13876	9	1124	46	3	3	10	117	1
6/30/2021 8:27:00	8323	12	710	60	2	2	8	70	1
6/30/2021 8:57:00	4002	17	685	74	2	3	5	32	3
6/30/2021 9:27:00	1913	26	594	75	1	3	3	14	2
6/30/2021 9:57:00	893	39	0	0	0	2	2	7	2
6/30/2021 10:27:00	1070	34	917	52	2	3	1	5	1
6/30/2021 10:57:00	730	42	0	0	1	1	2	5	1
6/30/2021 11:27:00	730	42	0	0	0	1	4	6	1
6/30/2021 11:57:00	6559	13	9894	15	20	29	5	10	2
7/1/2021 12:27:00	17843	8	28610	9	46	93	9	19	1
7/1/2021 12:57:00	32173	6	45234	7	59	161	11	65	2
7/1/2021 1:27:00	53819	5	68794	5	97	237	12	142	2
7/1/2021 1:57:00	60102	4	74465	5	115	247	17	170	3
7/1/2021 2:27:00	74078	4	79902	5	113	277	34	267	6
7/1/2021 2:57:00	35835	6	8719	16	8	37	30	274	5
7/1/2021 3:27:00	24076	7	2984	27	6	9	17	198	1
7/1/2021 3:57:00	12580	9	2067	32	0	10	9	101	0
7/1/2021 4:27:00	7643	12	1330	42	2	5	8	61	1
7/1/2021 4:57:00	5100	15	1860	33	1	8	4	36	0
7/1/2021 5:27:00	2203	23	504	75	0	3	2	17	1
7/1/2021 5:57:00	1360	29	827	50	1	3	5	8	0
7/1/2021 6:27:00	1509	30	891	61	4	2	4	9	3
7/1/2021 6:57:00	439	61	0	0	0	1	0	4	2
7/1/2021 7:27:00	453	50	207	100	0	1	2	3	0
7/1/2021 7:57:00	5780	14	9713	15	25	22	1	4	0
7/1/2021 8:27:00	19883	8	32950	8	47	113	4	16	1
7/1/2021 8:57:00	30083	6	42250	7	67	138	11	61	1
7/1/2021 9:27:00	54726	5	69414	5	112	225	23	147	2
